47 47 84 97 115 107  56  76 97 98  51 
47 47 83 97 109  68 105 115 104 97 114 111 111 110 
35 105 110 99 108 117 100 101 60 115 116 100 108 105 98 46 104 62 
35 105 110 99 108 117 100 101 60 115 116 100 105 111 46 104 62 
35 105 110 99 108 117 100 101 60 117 110 105 115 116 100 46 104 62 
35 105 110 99 108 117 100 101 60 102 99 110 116 108 46 104 62 

105 110 116  109 97 105 110 40 105 110 116  97 114 103 99 44  99 104 97 114 42  97 114 103 118 91 93 41 123 
        105 110 116  105 110 44 111 117 116 44 111 102 102 115 101 116 44 115 105 122 101 59 
        99 104 97 114  99 59 
        105 102  40 97 114 103 99 33 61 51 41 123 
        112 114 105 110 116 102 40 34 65 114 103  101 114 114 111 114 33 92 110 34 41 59 
        101 120 105 116 40 49 41 59 
        125 
        117 109 97 115 107 40 48 41 59 
        105 110  61  111 112 101 110 40 97 114 103 118 91 49 93 44 79 95 82 68 79 78 76 89 41 59 
        111 117 116  61  111 112 101 110 40 97 114 103 118 91 50 93 44 79 95 82 68 87 82 124 79 95 67 82 69 65 84 44 48 54 54 54 41 59 
        100 117 112 50 40 111 117 116 44 49 41 59 
        115 105 122 101 61 108 115 101 101 107 40 105 110 44 45 49 44 83 69 69 75 95 69 78 68 41 59 
9 111 102 102 115 101 116 61 108 115 101 101 107 40 105 110 44 48 44 83 69 69 75 95 83 69 84 41 59 
        119 104 105 108 101 40 115 105 122 101 62 61 48 41 123 
        114 101 97 100 40 105 110 44 38 99 44 49 41 59 
        105 102 40 99 61 61 49 48 41 123 
        112 114 105 110 116 102 40 34 92 110 34 41 59 
        125 
        101 108 115 101  105 102  40 99 61 61 51 50 41 123 
        112 114 105 110 116 102 40 34  34 41 59 
        125 
        101 108 115 101  123 
        112 114 105 110 116 102 40 34 37 100  34 44 99 41 59 
        125 
9 
        115 105 122 101 45 45 59 
125 
99 108 111 115 101  40 105 110 41 59 
99 108 111 115 101  40 111 117 116 41 59 
114 101 116 117 114 110  48 59 
125 

