47 47 76 97 98  51  84 97 115 107  51 
47 47 83 97 109  68 105 115 104 97 114 111 111 110 
35 105 110 99 108 117 100 101 60 115 116 100 108 105 98 46 104 62 
35 105 110 99 108 117 100 101 60 115 116 100 105 111 46 104 62 
35 105 110 99 108 117 100 101 60 117 110 105 115 116 100 46 104 62 
35 105 110 99 108 117 100 101 60 115 121 115 47 115 116 97 116 46 104 62 
35 105 110 99 108 117 100 101 60 102 99 110 116 108 46 104 62 
105 110 116  109 97 105 110 40 105 110 116  97 114 103 99 44  99 104 97 114  42 97 114 103 118 91 93 41 123 
9 105 110 116  105 110 102 105 108 101 44 111 117 116 102 105 108 101 44 110 98 121 116 101 59 
9 99 104 97 114  98 117 102 102 101 114 91 51 50 93 59 
9 117 109 97 115 107 40 48 41 59 
9 105 110 102 105 108 101 61 111 112 101 110 40 97 114 103 118 91 49 93 44 79 95 82 68 79 78 76 89 41 59 
9 111 117 116 102 105 108 101 61 111 112 101 110 40 97 114 103 118 91 50 93 44 79 95 82 68 87 82 124 79 95 67 82 69 65 84 44 48 55 55 48 41 59 
9 
9 105 102 40 40 110 98 121 116 101 61 114 101 97 100 40 105 110 102 105 108 101 44 98 117 102 102 101 114 44 51 50 41 62 48 41 41 123 
9 9 119 114 105 116 101 40 111 117 116 102 105 108 101 44 98 117 102 102 101 114 44 51 50 41 59 
9 125 
9 
9 9 99 108 111 115 101 40 105 110 102 105 108 101 41 59 
9 9 99 108 111 115 101 40 111 117 116 102 105 108 101 41 59 

114 101 116 117 114 110  48 59 
125 
